#Timestamp(hh:mm:ss.fff)	Layer1	Layer2	Layer3	Layer4	Layer5	Layer6	Layer7	Layer8	Layer9	Layer10
00:00:00.000			100	0	0	0	 100    0	0	100	0	0  
00:00:01.000			100	100	50	25	 100    1	100	50	25	10 
00:00:02.000			100	0	100	50	 100    2	0	0	50	20 
00:00:03.000			100	100	50	75	 100    3	100	50	75	30 
00:00:04.000			100	0	0	100	 100    4	0	100	100	40 
00:00:05.000			100	100	50	75	 100    5	100	50	75	50 
00:00:06.000			100	0	100	50	 100    6	0	0	50	60 
00:00:07.000			100	100	50	25	 100    7	100	50	25	70 
00:00:08.000			100	0	0	0	 100    8	0	100	0	80 
00:00:09.000			100	100	50	25	 100    9	100	50	25	90 
00:00:10.000			100	0	100	50	 100    10	0	0	50	100
00:00:11.000			100	100	50	75	 100    11	100	50	75	90 
00:00:12.000			100	0	0	100	 100    12	0	100	100	80 
00:00:13.000			100	100	50	75	 100    13	100	50	75	70 
00:00:14.000			100	0	100	50	 100    14	0	0	50	60 
00:00:15.000			100	100	50	25	 100    15	100	50	25	50 
00:00:16.000			100	0	0	0	 100    16	0	100	0	40 
00:00:17.000			100	100	50	25	 100    17	100	50	25	30 
00:00:18.000			100	0	100	50	 100    18	0	0	50	20 
00:00:19.000			100	100	50	75	 100    19	100	50	75	10 
00:00:20.000			100	0	0	100	 100    20	0	100	100	20 
00:00:21.000			100	100	50	75	 100    21	100	50	75	30 
00:00:22.000			100	0	100	50	 100    22	0	0	50	40 
00:00:23.000			100	100	50	25	 100    23	100	50	25	50 
00:00:24.000			100	0	0	0	 100    24	0	100	0	60 
00:00:25.000			100	100	50	25	 100    25	100	50	25	70 
00:00:26.000			100	0	100	50	 100    26	0	0	50	80 
00:00:27.000			100	100	50	75	 100    27	100	50	75	90 
00:00:28.000			100	0	0	100	 100    28	0	100	100	100
