#Timestamp(hh:mm:ss.fff)	Layer1	Layer2	Layer3	Layer4	Layer5	Layer6	Layer7	Layer8	Layer9	Layer10
00:00:00.000			0	0	0	0	 0	0	0	0	0	0
00:00:10.000			100	0	0	0	 0	0	0	0	0	0
00:00:20.000			100	100	0	0	 0	0	0	0	0	0
00:00:30.000			100	100	100	0	 0	0	0	0	0	0
00:00:40.000			100	100	100	100	 0	0	0	0	0	0
00:00:50.000			100	100	100	100	 100	0	0	0	0	0
00:00:60.000			100	100	100	100	 100	100	0	0	0	0
00:01:10.000			100	100	100	100	 100	100	100	0	0	0
00:01:20.000			100	100	100	100	 100	100	100	100	0	0
00:01:40.000			100	100	100	100	 100	100	100	0	0	0
00:01:50.000			100	100	100	100	 100	100	0	0	0	0
00:01:60.000			100	100	100	100	 100	0	0	0	0	0
00:02:00.000			100	100	100	100	 0	0	0	0	0	0
00:02:10.000			100	100	100	0	 0	0	0	0	0	0
00:02:20.000			100	100	0	0	 0	0	0	0	0	0 
00:02:30.000			100	0	0	0	 0	0	0	0	0	0
00:02:40.000			0	0	0	0	 0	0	0	0	0	0